1677422	1604492	1729317	1684355	1620250	1553212	1892094	2199029	1677409	1839173	1702790	1740862
1919656	1704461	1565848	1060275	1014470	1275747	1780915	2174249	1722952	1864784	1847263	1858983
2015304	1807810	1719390	1787482	1883526	1959001	2255401	2466727	1953288	2127514	2051652	2057092
2179638	2025799	2022616	2034839	2079728	2199780	2420642	2610115	2052286	2269985	2046066	2109920
2292158	2195512	2115603	2155449	2251732	2261917	2529036	2795484	2297114	2481339	2379235	2436537
2656122	2447098	2520107	2424738	2536094	2520160	2832008	3042994	2509475	2642494	2528717	2567457
2817198 2657685 2500386 2440197 2575051 2488227 2669673 2827608 2194270 2454136 2129768 2219323
2450834 2290283 2247420 2292208 2185220 2106711 2618535 2913079 2258781 2362655 2285438 2538606
2743361 2571222 2750876 2629578 2716765 2672367 2989580 3247493 2756069 2984474 2733328 2683812
3017042 2747788 2659350 2587178 2783331 2851399 3227539 3446850 2883397 3079195 2814981 2964316
3223180	3047986	2993186	3052804	3075659	3162724	3538821	3867079	3202520	3349517	3135078	3322310
3585668	3319817	3421122	3129805	3155678	3356089	3729824	4099806	3437856	3516952	3253666	3476545
3812379	3500771	3494467	3511077	3549549	3657682	4080189	4529309	3736671	4022424	3663232	3954349
4335911	4078563	4093391	4178462	4259678	3315107	3652220	4482198	3936541	4410284	4119189	4419666
4935831	4658397	4372300	4491280	4472014	4700065	5283736	5485808	4731383	4971608	4635489	5027486
