2.87638 3.075235 2.353131 3.775889 5.904965
6.784639 7.698269 7.50394 8.640361 9.912638
8.974989 8.257677 6.591571 3.501916 -0.753178
-3.765484 -3.562757 -2.393425 0.317046 3.491145
4.844235 4.402957 2.832494 4.288919 7.151432
8.186787 8.171987 7.967093 7.158565 7.700623
6.327088 6.446566 8.579965 8.490549 7.735236
7.96302 8.543702 9.013716 6.164909 3.245618
1.354838 2.419713 5.438228 7.911126 10.10782
10.59712 9.121523 6.471966 3.395275 1.392039
-0.284257 -0.80204 1.46476 4.178894 6.10723
6.491571 4.695284 3.346596 4.077571 4.37635
4.810921 5.76333 6.257898 6.51009 7.147475
7.00371 6.08175 4.319831 3.67579 4.21435
3.203106 2.538709 2.622906 4.693638 5.417044
1.784893 0.168307 0.840271 3.320994 6.618738
7.939099 6.30312 4.450792 3.80147 2.553337
1.072137 1.721587 2.16597 0.452784 -0.274251
-0.425276 1.651065 5.965207 7.684442 6.699313
5.048986 5.422451 5.571154 6.429285 6.51803
